10 12 90
10 19 90
100 16 90
13 19 90
14 14 90
16 18 90
17 16 90
17 17 90
4 19 90
22 20 90
6 20 90
21 20 90
23 16 90
25 12 90
25 19 90
29 18 90
29 20 90
30 17 90
34 18 90
35 12 90
36 10 90
37 19 90
39 20 90
41 17 90
42 18 90
45 17 90
46 20 90
47 16 90
48 13 90
48 18 90
50 10 90
50 16 90
55 11 90
55 18 90
62 18 90
67 13 90
67 16 90
68 17 90
73 12 90
74 14 90
75 10 90
75 14 90
76 14 90
76 15 90
80 12 90
80 15 90
81 18 90
82 16 90
92 13 90
93 19 90
95 11 90
95 17 90
96 18 90
98 11 90
98 15 90
99 20 90
99 20 90
99 20 90
100 10 91
11 11 91
12 11 91
5 11 91
14 17 91
15 11 91
17 12 91
18 11 91
19 13 91
21 18 91
22 12 91
26 17 91
26 17 91
26 20 91
29 13 91
29 16 91
29 17 91
29 18 91
3 20 91
31 10 91
31 11 91
31 14 91
33 16 91
34 16 91
35 12 91
45 10 91
48 10 91
55 11 91
60 10 91
79 11 91
9 12 91
35 20 91
36 15 91
42 17 91
44 20 91
51 18 91
53 15 91
56 13 91
57 12 91
63 13 91
63 15 91
63 15 91
64 20 91
66 18 91
67 20 91
68 13 91
73 13 91
74 17 91
75 10 91
75 17 91
75 19 91
78 10 91
80 16 91
80 18 91
82 18 91
83 12 91
85 12 91
85 16 91
87 17 91
9 19 91
90 19 91
91 11 91
94 11 91
98 14 91
99 12 91
5 15 91
99 16 91
5 17 91
99 19 91
3 11 92
13 20 92
14 18 92
17 14 92
17 16 92
21 14 92
22 11 92
22 11 92
22 14 92
24 14 92
8 16 92
25 20 92
26 15 92
27 20 92
31 20 92
35 13 92
35 15 92
37 14 92
38 14 92
39 19 92
40 18 92
43 17 92
43 20 92
44 12 92
45 18 92
52 20 92
52 20 92
54 19 92
55 15 92
57 18 92
58 17 92
59 18 92
60 14 92
60 17 92
61 14 92
63 14 92
69 13 92
72 10 92
73 19 92
76 12 92
76 15 92
76 19 92
77 11 92
77 18 92
79 12 92
82 17 92
83 19 92
84 10 92
84 13 92
84 19 92
85 15 92
87 10 92
87 14 92
87 16 92
92 12 92
94 12 92
96 14 92
5 17 92
98 18 92
7 19 92
6 12 93
11 20 93
13 17 93
15 15 93
16 16 93
16 19 93
18 15 93
21 16 93
21 17 93
4 18 93
24 19 93
25 10 93
25 13 93
25 17 93
27 10 93
27 18 93
27 19 93
29 11 93
31 11 93
34 12 93
35 14 93
35 15 93
35 18 93
38 10 93
41 19 93
42 12 93
44 14 93
46 17 93
46 18 93
47 17 93
49 12 93
49 15 93
49 20 93
50 18 93
55 10 93
61 12 93
63 15 93
65 12 93
65 18 93
65 18 93
69 13 93
70 12 93
71 17 93
72 13 93
73 14 93
74 11 93
74 14 93
75 15 93
77 17 93
78 15 93
8 18 93
82 12 93
84 10 93
89 10 93
93 14 93
96 18 93
98 13 93
99 14 93
5 19 93
6 20 93
9 19 93
3 10 94
11 13 94
11 17 94
12 14 94
12 17 94
13 19 94
15 15 94
18 16 94
21 12 94
21 14 94
22 11 94
23 17 94
24 10 94
30 14 94
33 20 94
36 16 94
38 12 94
4 18 94
30 19 94
31 19 94
32 13 94
33 11 94
33 12 94
37 19 94
39 15 94
40 13 94
40 17 94
41 12 94
42 11 94
42 15 94
42 16 94
43 14 94
44 18 94
45 19 94
46 12 94
46 16 94
47 12 94
47 17 94
48 11 94
48 13 94
49 10 94
49 17 94
51 20 94
52 20 94
53 12 94
53 16 94
54 18 94
56 16 94
58 16 94
60 13 94
62 13 94
64 10 94
65 11 94
71 14 94
73 12 94
81 12 94
82 10 94
82 13 94
82 13 94
84 14 94
86 17 94
92 12 94
94 11 94
95 13 94
100 14 94
97 14 94
99 18 94
2 18 94
2 19 94
3 16 94
6 15 94
9 14 95
10 17 95
10 19 95
10 20 95
11 18 95
13 16 95
13 16 95
14 11 95
100 11 95
11 14 95
18 13 95
19 11 95
22 12 95
22 16 95
23 19 95
25 19 95
27 16 95
29 16 95
30 12 95
31 10 95
34 19 95
35 15 95
38 14 95
39 12 95
40 19 95
41 16 95
42 15 95
42 20 95
43 17 95
44 10 95
45 13 95
46 18 95
48 18 95
50 14 95
52 12 95
55 19 95
56 19 95
57 16 95
58 12 95
58 14 95
59 16 95
60 19 95
62 11 95
66 17 95
69 19 95
72 19 95
73 15 95
73 18 95
74 14 95
74 18 95
74 20 95
75 16 95
75 18 95
76 10 95
77 10 95
77 11 95
79 12 95
79 13 95
8 16 95
81 20 95
83 12 95
83 14 95
86 14 95
88 17 95
0 17 95
3 16 95
87 19 95
88 15 95
9 20 95
91 19 95
95 13 95
96 16 95
12 19 96
13 20 96
14 14 96
16 13 96
21 14 96
22 19 96
27 14 96
27 18 96
28 14 96
32 11 96
33 16 96
35 17 96
35 17 96
36 16 96
37 20 96
38 17 96
39 14 96
39 18 96
42 18 96
49 18 96
51 17 96
53 19 96
53 20 96
54 11 96
56 17 96
58 11 96
58 11 96
59 15 96
59 18 96
62 18 96
62 20 96
65 20 96
67 12 96
67 13 96
67 14 96
68 20 96
71 12 96
71 15 96
72 11 96
73 11 96
75 12 96
8 13 96
76 15 96
77 16 96
78 14 96
80 13 96
81 14 96
81 19 96
84 16 96
85 12 96
86 12 96
9 13 96
98 15 96
1 17 96
90 18 96
4 18 96
87 19 96
94 20 96
97 17 96
1 12 97
6 15 97
7 13 97
8 13 97
10 17 97
11 15 97
12 19 97
14 20 97
15 13 97
19 13 97
19 17 97
22 12 97
25 14 97
25 20 97
26 14 97
28 17 97
29 17 97
30 16 97
30 17 97
31 12 97
33 13 97
36 14 97
38 10 97
39 11 97
43 15 97
43 17 97
43 20 97
44 11 97
45 10 97
46 13 97
46 14 97
46 16 97
48 14 97
48 18 97
55 13 97
55 15 97
56 11 97
57 12 97
58 15 97
58 19 97
59 18 97
59 19 97
62 17 97
64 12 97
65 10 97
67 11 97
67 12 97
68 14 97
69 10 97
69 10 97
69 11 97
73 16 97
73 16 97
74 12 97
75 14 97
75 20 97
77 19 97
78 16 97
78 18 97
79 11 97
81 17 97
83 12 97
86 17 97
89 15 97
92 13 97
95 12 97
3 16 97
100 18 97
3 18 97
97 19 97
15 17 98
22 10 98
100 10 98
21 15 98
25 11 98
27 20 98
28 14 98
28 15 98
30 15 98
31 12 98
32 15 98
35 15 98
35 17 98
36 17 98
38 10 98
40 13 98
42 14 98
44 10 98
100 10 98
45 14 98
48 18 98
9 18 98
45 18 98
49 10 98
55 13 98
56 16 98
56 20 98
59 13 98
61 16 98
62 10 98
63 13 98
65 10 98
68 18 98
69 12 98
69 17 98
73 15 98
74 11 98
75 11 98
76 11 98
76 16 98
76 17 98
77 15 98
78 18 98
79 13 98
80 19 98
81 19 98
82 13 98
84 15 98
86 12 98
88 18 98
89 18 98
92 15 98
92 15 98
94 13 98
95 12 98
98 18 98
0 19 98
2 20 98
8 19 98
95 19 98
100 13 99
2 14 99
3 11 99
15 17 99
20 20 99
22 10 99
23 18 99
32 16 99
33 15 99
34 15 99
36 18 99
37 11 99
37 17 99
38 12 99
40 13 99
41 17 99
41 18 99
42 12 99
44 15 99
44 16 99
45 15 99
46 14 99
49 13 99
2 19 99
3 18 99
55 18 99
57 12 99
59 20 99
70 18 99
75 17 99
77 10 99
80 10 99
82 16 99
87 11 99
91 13 99
96 14 99
97 12 99
6 20 99
68 15 99
69 18 99
75 20 99
92 13 99
92 18 99
98 11 99
99 10 99
42 14 100
45 13 100
52 11 100
58 11 100
59 12 100
66 12 100
68 12 100
74 11 100
77 10 100
84 12 100
85 12 100
90 12 100
0 12 100
92 13 100
94 13 100
95 13 100
96 13 100
1 18 100
14 12 100
14 12 100
15 10 100
16 11 100
17 10 100
17 14 100
19 12 100
3 14 100
34 10 100
5 12 100
7 13 100
15 19 100
21 17 100
33 12 100
37 12 100
5 12 100
6 13 100
11 16 100
14 15 100
28 20 100
38 20 100
48 16 100
50 16 100
50 16 100
56 15 100
6 18 100
6 18 100
6 19 100
6 19 100
60 17 100
61 17 100
63 17 100
64 15 100
66 14 100
66 17 100
71 16 100
73 16 100
82 14 100
89 15 100
92 14 100
7 16 100
100 18 100
100 19 100
73 19 100
99 19 100
